민준	1	36,404
서준	2	31,138
예준	3	25,965
도윤	4	24,700
주원	5	23,411
시우	6	23,255
지후	7	21,640
지호	8	21,537
하준	9	21,329
준서	10	21,196
준우	11	20,049
현우	12	20,030
지훈	13	19,561
도현	14	18,916
건우	15	18,719
우진	16	17,977
민재	17	15,833
현준	18	15,819
선우	19	15,346
서진	20	15,145
연우	21	14,122
정우	22	13,819
유준	23	13,262
승현	24	13,062
준혁	25	13,028
승우	26	12,764
지환	27	12,683
승민	28	12,036
시윤	29	11,923
지우	30	11,493
민성	31	11,449
유찬	32	11,421
준영	33	11,223
진우	34	10,664
시후	35	10,618
은우	36	10,553
지원	37	10,499
윤우	38	10,289
수현	39	10,229
동현	40	9,154
재윤	41	8,780
민규	42	8,720
시현	43	8,603
태윤	44	8,522
재원	45	8,467
민우	46	8,411
재민	47	8,358
은찬	48	8,179
한결	49	8,120
윤호	50	7,991
시원	51	7,937
민찬	52	7,936
성민	53	7,645
수호	54	7,494
성현	55	7,435
준호	56	7,420
승준	57	7,410
현서	58	7,244
재현	59	7,068
시온	60	6,945
지성	61	6,885
태민	62	6,876
태현	63	6,848
민혁	64	6,843
예성	65	6,804
민호	66	6,737
하율	67	6,716
지안	67	6,716
우빈	69	6,635
성준	69	6,635
지율	71	6,559
정민	72	6,513
규민	73	6,390
윤성	74	6,328
지한	75	6,269
민석	76	6,203
이준	77	6,170
지민	78	6,166
준	79	6,103
준수	80	6,083
서우	81	6,009
은호	82	5,972
이안	83	5,930
은성	84	5,912
예찬	85	5,888
윤재	86	5,885
율	87	5,826
하람	88	5,793
태양	89	5,762
준희	90	5,744
준성	91	5,531
하진	92	5,515
현수	93	5,445
도훈	94	5,436
승원	95	5,353
정현	96	5,275
지완	97	5,237
건	98	5,236
강민	99	5,189
승호	100	5,110
태준	101	5,054
성빈	102	4,998
하민	103	4,975
민서	104	4,962
주호	105	4,840
민수	106	4,806
우현	107	4,737
건희	108	4,708
정훈	109	4,688
도영	110	4,664
원준	111	4,660
주환	112	4,654
민기	113	4,487
현민	114	4,455
경민	115	4,438
현성	116	4,380
하랑	117	4,366
주안	118	4,352
시훈	119	4,290
주영	120	4,276
승윤	121	4,254
시율	122	4,231
동하	123	4,176
우주	124	4,139
서율	125	4,128
태훈	126	4,121
동건	127	4,078
재훈	128	4,065
민건	129	4,059
태영	130	4,044
시완	131	4,040
지오	132	4,018
호준	133	3,960
다온	134	3,947
승빈	135	3,925
재준	136	3,888
세현	137	3,846
가온	137	3,846
태경	139	3,773
현진	140	3,755
상현	141	3,748
재영	142	3,742
영준	143	3,712
범준	144	3,692
현승	145	3,684
승훈	146	3,678
시환	147	3,671
정원	148	3,619
찬영	149	3,616
성윤	150	3,581
주혁	151	3,565
도원	152	3,526
도율	153	3,524
정후	154	3,509
찬우	155	3,480
성훈	156	3,466
우성	157	3,425
하윤	158	3,414
온유	158	3,414
윤	160	3,393
현	161	3,377
동윤	162	3,364
서후	163	3,358
동욱	164	3,356
연준	165	3,338
찬희	166	3,337
수민	167	3,326
건호	167	3,326
재하	169	3,303
승재	170	3,296
도경	171	3,272
승찬	172	3,257
태호	173	3,256
지혁	173	3,256
세준	175	3,243
라온	176	3,206
현호	177	3,203
현빈	178	3,182
태우	178	3,182
준석	180	3,172
윤찬	181	3,154
태율	182	3,148
산	183	3,123
형준	184	3,120
재우	185	3,111
주현	186	3,102
유건	187	3,101
이현	188	3,084
윤후	189	3,077
재혁	190	3,040
지운	191	3,032
성우	192	3,027
효준	193	3,010
동우	194	2,970
찬	195	2,951
연호	196	2,940
주완	197	2,901
수혁	198	2,889
주한	199	2,877
석현	200	2,872
규빈	201	2,860
상윤	202	2,858
준형	203	2,846
재희	204	2,844
진호	205	2,831
유빈	206	2,817
시헌	207	2,808
단우	208	2,766
우찬	208	2,766
우영	210	2,762
윤서	211	2,758
용준	212	2,727
도연	213	2,718
지용	214	2,715
규현	215	2,697
유현	216	2,689
동준	217	2,684
이든	218	2,674
호진	219	2,657
진혁	220	2,606
준후	221	2,587
승환	222	2,577
하늘	223	2,576
유진	224	2,575
상우	225	2,569
지웅	226	2,567
은율	227	2,565
강현	228	2,560
은혁	229	2,547
동훈	230	2,528
서원	231	2,505
영민	232	2,491
성원	233	2,484
은준	234	2,474
승주	235	2,473
대현	236	2,469
종현	237	2,449
승후	238	2,447
로운	239	2,437
현석	240	2,426
유민	240	2,426
태인	242	2,424
우준	243	2,395
준현	244	2,392
세훈	245	2,387
시호	246	2,379
상민	247	2,375
시안	248	2,369
재호	249	2,361
서윤	249	2,361
태환	251	2,316
도하	252	2,314
승유	252	2,314
동혁	254	2,299
신우	255	2,286
은수	256	2,282
준원	257	2,258
도준	258	2,256
정빈	259	2,252
원우	260	2,251
도진	261	2,249
민결	262	2,240
영우	263	2,239
동규	264	2,222
강우	265	2,193
진서	266	2,174
태성	267	2,171
성진	268	2,166
선호	269	2,136
유성	270	2,129
혜성	271	2,118
서호	272	2,104
요한	273	2,092
주형	274	2,077
여준	275	2,054
준범	276	2,038
윤건	277	2,026
태건	278	2,018
찬민	279	2,016
정호	280	2,002
성호	281	1,993
우혁	282	1,992
인성	283	1,991
서현	284	1,989
희찬	285	1,985
민제	286	1,984
상준	287	1,971
윤수	288	1,968
준민	289	1,952
인우	290	1,936
한율	290	1,936
태원	290	1,936
경준	293	1,932
승혁	294	1,928
희준	295	1,920
민승	296	1,917
재성	297	1,916
아인	298	1,914
태웅	299	1,909
도겸	300	1,890
승헌	301	1,889
진영	302	1,883
승기	303	1,854
채민	304	1,853
환희	305	1,827
성재	306	1,824
세윤	307	1,815
호연	308	1,805
주성	309	1,799
호영	310	1,795
한울	311	1,794
세진	312	1,789
하성	313	1,773
시준	314	1,763
현욱	315	1,759
현규	315	1,759
태오	317	1,755
선율	318	1,739
유안	319	1,718
하온	319	1,718
가람	321	1,715
규원	322	1,714
창민	323	1,699
준하	324	1,698
재율	325	1,688
진욱	326	1,687
시영	327	1,671
희성	328	1,658
연후	329	1,657
찬율	330	1,652
정환	331	1,650
지섭	332	1,648
지윤	332	1,648
건후	334	1,646
정윤	335	1,628
성찬	336	1,621
찬혁	337	1,617
세민	338	1,595
영훈	339	1,588
우석	340	1,585
민	341	1,577
동연	342	1,576
재이	343	1,559
상훈	344	1,553
은재	345	1,551
명준	346	1,546
다원	347	1,545
준기	348	1,543
도형	349	1,542
기현	350	1,539
지석	351	1,537
태하	352	1,536
재형	353	1,517
진성	354	1,500
인호	355	1,497
수빈	356	1,487
윤준	357	1,480
서빈	358	1,472
상원	359	1,464
은후	360	1,447
해준	361	1,443
시형	362	1,441
동민	363	1,440
민후	364	1,439
기범	365	1,438
건율	366	1,431
해성	367	1,427
지온	368	1,425
시언	369	1,421
태연	370	1,418
재인	370	1,418
노아	372	1,406
한준	373	1,404
재용	374	1,401
수환	374	1,401
준휘	376	1,400
영진	376	1,400
태규	378	1,389
유하	379	1,388
주헌	380	1,387
주하	381	1,385
승범	382	1,377
영재	383	1,375
동호	384	1,370
주찬	385	1,365
선재	386	1,362
이한	387	1,342
동원	388	1,341
건영	389	1,337
지수	389	1,337
다니엘	391	1,331
승연	392	1,313
민욱	393	1,302
석준	394	1,289
은결	395	1,275
원	396	1,272
진	397	1,269
재범	397	1,269
한별	399	1,267
환	400	1,261
아준	401	1,260
준모	402	1,257
현재	403	1,254
도건	404	1,241
재환	405	1,239
성욱	406	1,237
지헌	406	1,237
도헌	406	1,237
한솔	409	1,236
우재	410	1,234
상혁	411	1,230
예건	412	1,228
찬유	413	1,222
민율	414	1,221
동환	415	1,220
경훈	416	1,206
진원	417	1,203
영찬	418	1,195
태희	419	1,192
준상	420	1,190
재욱	420	1,190
강	422	1,188
호윤	422	1,188
연수	424	1,176
준환	425	1,164
수찬	426	1,154
형우	426	1,154
승규	428	1,145
도균	429	1,143
건하	429	1,143
범수	431	1,136
찬호	432	1,131
종혁	432	1,131
이수	434	1,121
윤혁	435	1,120
결	436	1,115
동주	437	1,109
훈	437	1,109
혁준	437	1,109
근우	440	1,105
창현	440	1,105
성주	442	1,091
로이	443	1,089
예담	444	1,085
재빈	445	1,083
지현	446	1,078
수영	447	1,072
유신	448	1,070
찬빈	449	1,069
강준	450	1,068
태완	451	1,065
병준	452	1,064
유담	453	1,058
한빈	453	1,058
서하	455	1,055
하빈	456	1,054
태욱	457	1,053
태빈	458	1,048
성환	459	1,046
관우	460	1,045
세영	461	1,042
해솔	462	1,038
은규	463	1,037
희재	464	1,036
윤석	465	1,034
동휘	466	1,031
혁	467	1,029
연재	468	1,028
정욱	469	1,019
재경	469	1,019
민영	471	1,018
은석	472	1,016
유승	472	1,016
성연	472	1,016
재연	475	1,012
선준	476	1,010
경빈	477	1,006
겸	478	1,005
의준	479	998
준용	480	986
인준	481	981
현중	482	980
태이	482	980
형진	484	977
지유	485	976
한서	485	976
윤제	487	975
대한	488	972
하루	489	967
지욱	490	965
도운	491	962
리안	492	957
희원	492	957
규진	494	952
리우	495	948
종윤	495	948
태형	497	945
승진	498	944
영광	499	941
주언	500	938
진수	501	935
성하	502	931
준오	503	918
정혁	503	918
종민	505	915
채훈	506	913
호성	506	913
찬서	508	912
이찬	509	911
의찬	510	907
솔	511	904
종우	511	904
경원	513	903
보겸	514	902
석민	515	901
희수	516	898
영빈	517	890
태헌	518	886
원재	519	885
승리	520	882
승하	520	882
재헌	522	875
민섭	523	874
도빈	524	871
상욱	524	871
다율	526	869
원석	527	867
민형	528	865
용현	529	863
명진	530	862
범진	531	861
영현	531	861
승수	533	859
상진	534	854
유환	535	852
형주	536	849
현태	537	845
태균	538	838
용우	539	836
강희	540	831
대윤	541	827
미르	541	827
한	543	826
예훈	544	825
유겸	545	824
종원	546	822
정연	547	821
요셉	548	816
시혁	549	815
기훈	550	814
준표	551	813
건민	552	806
원빈	553	805
지홍	553	805
보성	555	804
종훈	556	803
이삭	557	801
우민	558	800
제민	559	798
정인	560	793
동희	560	793
준이	562	790
채우	563	789
동후	563	789
영웅	565	788
경호	566	783
재후	567	782
동균	568	781
준규	569	777
호현	570	776
진현	571	774
인서	572	770
재웅	573	769
선후	574	767
원호	575	766
의진	575	766
진석	577	765
동영	578	761
현도	579	759
형민	580	757
승욱	580	757
동근	582	754
호	582	754
대호	584	743
유호	585	741
찬솔	586	735
세인	587	734
동진	588	732
도담	588	732
기윤	590	730
대영	590	730
태겸	592	727
다현	593	726
해찬	594	723
정준	595	722
유한	595	722
정진	597	721
지승	598	719
경환	598	719
재승	600	717
영서	600	717
민균	602	716
민겸	603	715
규태	603	715
윤상	605	712
혜준	606	711
대성	606	711
준엽	608	710
민철	608	710
근호	610	709
효민	611	708
진후	612	706
다훈	612	706
슬우	614	704
효재	615	701
제이	615	701
세찬	617	698
의현	618	696
두현	619	695
지형	620	691
도엽	620	691
진형	622	690
정수	623	686
민국	624	685
어진	624	685
용진	626	684
승언	626	684
예승	628	681
범서	629	677
대원	629	677
건형	631	674
우림	632	671
태진	632	671
하원	634	670
성율	635	668
제현	635	668
혁진	637	667
민교	638	665
우솔	638	665
영호	640	656
강윤	641	655
경현	641	655
세환	643	649
채운	644	648
하겸	645	646
정운	646	644
다민	647	641
서안	648	635
준섭	649	634
승엽	649	634
수인	649	634
서한	652	633
주빈	653	631
태산	654	630
선민	655	628
기찬	656	626
선규	657	625
태후	658	624
도은	659	623
무진	660	621
진규	661	620
슬찬	662	619
리한	662	619
승완	662	619
기태	665	618
범	665	618
석원	667	617
정재	668	615
석훈	669	611
채환	670	607
용재	670	607
원진	672	602
단	672	602
제윤	674	601
현웅	674	601
기준	674	601
수한	677	597
재완	677	597
세원	679	590
성혁	680	588
태혁	680	588
채윤	682	587
다빈	682	587
규연	684	585
하엘	685	583
태은	686	582
태주	687	579
광현	688	578
은유	689	576
인혁	689	576
로하	689	576
성규	692	574
병찬	693	572
세빈	694	569
승효	694	569
선빈	696	567
주훈	697	565
한빛	698	564
재진	699	563
승한	700	562
원영	700	562
승한	700	562
효성	700	562
재아	704	557
시유	704	557
동빈	706	556
윤기	707	555
윤오	708	554
아론	709	553
범석	709	553
유석	709	553
강호	712	551
필립	713	550
도혁	713	550
진하	715	549
제하	715	549
성수	717	547
종호	718	545
석진	719	543
현종	720	542
상연	720	542
성운	722	539
건욱	723	538
우리	723	538
시운	725	536
형석	726	535
선웅	726	535
다엘	728	534
규호	729	533
채준	729	533
채원	729	533
효원	732	532
시하	733	531
수안	734	530
현기	735	529
강산	736	527
무성	737	526
정헌	737	526
한성	737	526
희승	740	521
태수	740	521
용훈	742	519
용민	743	518
이레	743	518
믿음	745	516
시진	746	512
민상	747	511
경태	748	509
강빈	748	509
채호	750	508
동화	750	508
민근	750	508
찬휘	753	507
건휘	753	507
대훈	755	506
민하	755	506
유근	757	503
도우	758	502
도언	759	500
영후	760	498
경록	761	494
도환	762	492
선유	762	492
현찬	764	491
찬웅	765	490
윤민	765	490
채현	767	488
상호	768	486
무빈	768	486
찬형	770	484
규성	771	482
지효	771	482
래원	771	482
영인	774	481
경찬	774	481
희우	776	480
하영	777	478
지상	777	478
재홍	779	477
태유	780	476
효찬	780	476
상빈	782	475
주용	783	473
서훈	783	473
신	785	470
희윤	785	470
윤환	787	466
진환	787	466
서형	787	466
은총	790	465
빈	790	465
하음	790	465
용찬	793	464
솔민	794	463
로빈	795	462
기원	795	462
원희	795	462
은기	795	462
승운	799	461
인수	799	461
세연	799	461
인수	799	461
채완	803	460
현율	803	460
세호	805	459
정한	806	457
서찬	807	455
예현	807	455
사무엘	807	455
준식	810	453
동율	811	452
호빈	812	451
누리	812	451
민권	814	449
휘	814	449
인후	814	449
진율	817	448
경모	818	446
강인	818	446
동찬	820	443
대연	820	443
수완	822	442
마루	822	442
효빈	822	442
재서	822	442
세종	826	441
영석	826	441
우형	828	440
이환	829	439
영주	830	438
휘성	831	437
석우	832	436
영환	832	436
병훈	832	436
담	835	435
루이	835	435
해인	835	435
로건	838	434
서환	838	434
태용	840	433
윤빈	840	433
신후	842	432
규범	842	432
상헌	844	431
동해	844	431
리온	846	430
광민	846	430
태강	846	430
동은	846	430
성은	850	428
명재	850	428
세웅	852	427
호재	852	427
태서	854	426
장우	854	426
인찬	856	424
리호	857	423
희건	858	422
보현	858	422
주윤	860	420
수	861	419
하담	861	419
대경	863	418
진모	863	418
다겸	863	418
인규	866	417
현오	867	415
대환	867	415
중현	869	413
민구	869	413
강유	869	413
훤	872	412
찬욱	872	412
경수	874	410
용하	875	409
동완	875	409
서인	877	408
재석	877	408
유	879	401
도완	880	400
기주	881	399
홍준	882	398
채율	882	398
호민	884	397
태운	885	394
용빈	885	394
루다	887	393
인하	887	393
대희	889	392
주연	889	392
호찬	889	392
승건	892	391
현후	893	389
해민	894	388
재유	894	388
장현	894	388
연성	897	387
근영	898	386
윤겸	899	385
준명	900	384
동엽	900	384
준명	900	384
동헌	903	383
선	903	383
세혁	905	382
서혁	906	381
무경	907	380
이도	907	380
용호	909	379
제원	910	378
강훈	910	378
성모	912	376
지찬	912	376
찬규	914	375
종하	914	375
진유	914	375
다윤	917	374
원혁	917	374
현동	917	374
현제	920	372
진웅	921	370
민솔	921	370
성후	921	370
석빈	924	369
규환	925	368
은상	926	367
경진	927	366
동재	927	366
시찬	927	366
건웅	927	366
도한	931	365
상후	932	364
기환	932	364
예한	932	364
제우	932	364
예강	936	363
정안	936	363
세헌	936	363
장원	939	362
창우	940	359
다인	940	359
영욱	940	359
이담	943	358
시연	943	358
치우	943	358
제훈	943	358
지빈	943	358
재겸	943	358
석주	949	356
대건	949	356
기민	949	356
명훈	952	355
준한	952	355
휘준	952	355
해원	955	354
호원	955	354
성범	957	353
민환	958	352
태랑	958	352
창희	958	352
원찬	961	350
현식	962	349
재휘	963	347
휘찬	964	346
정찬	964	346
창준	966	345
윤형	967	344
예환	967	344
민식	967	344
지범	970	343
동인	970	343
한겸	970	343
도후	973	342
민종	973	342
현섭	973	342
범규	973	342
세율	977	341
리오	978	340
준재	978	340
진오	980	339
해진	980	339
원규	980	339
수오	980	339
하울	984	338
영수	984	338
민용	984	338
이솔	987	336
상율	988	335
민범	988	335
석영	990	332
권	991	331
태림	991	331
송현	993	330
해온	993	330
혁주	995	329
해윤	995	329
종찬	995	329
상엽	995	329
강후	999	328
이건	1000	327
이건	1000	327
레오	1002	326
규영	1002	326
훈민	1004	324
하승	1004	324
형빈	1006	323
규하	1006	323
루하	1006	323
은택	1006	323
유노	1006	323
승제	1011	322
승휘	1012	321
윤태	1013	320
우경	1013	320
준경	1013	320
기성	1013	320
석호	1013	320
이루	1018	319
윤규	1018	319
찬준	1018	319
형욱	1021	318
해담	1021	318
진명	1021	318
서완	1021	318
준아	1021	318
재찬	1026	317
리환	1026	317
하운	1026	317
현모	1029	316
규담	1030	315
희상	1031	314
리후	1031	314
준빈	1033	313
진용	1033	313
다운	1033	313
온	1033	313
무겸	1037	312
용주	1037	312
수원	1039	311
태범	1039	311
창빈	1041	310
윤섭	1041	310
소율	1041	310
창훈	1044	309
강율	1044	309
종빈	1044	309
은빈	1047	308
종욱	1047	308
윤하	1049	307
다윗	1049	307
재익	1051	306
기영	1052	305
성용	1052	305
태온	1054	304
준연	1054	304
우람	1054	304
찬이	1057	303
동한	1058	301
동운	1058	301
도휘	1058	301
승용	1061	300
선욱	1061	300
사랑	1063	299
지태	1063	299
세온	1063	299
승표	1066	298
강혁	1066	298
민중	1068	297
재운	1068	297
종인	1068	297
승희	1071	296
은섭	1072	295
재한	1073	293
민채	1073	293
도	1075	291
호수	1075	291
권우	1075	291
윤승	1075	291
민강	1079	289
이헌	1079	289
요엘	1079	289
하임	1079	289
래현	1079	289
유섭	1084	288
다솔	1084	288
태휘	1084	288
수형	1087	287
석환	1087	287
형규	1087	287
제영	1090	286
한음	1090	286
동률	1090	286
세한	1093	285
도유	1093	285
화랑	1093	285
남규	1096	284
준선	1097	283
태정	1097	283
병우	1097	283
병민	1100	281

서연	1	33,931
서윤	2	31,946
지우	3	27,966
서현	4	27,745
민서	5	26,898
하은	6	24,591
하윤	7	23,262
윤서	8	22,397
지민	9	21,909
지유	10	20,952
채원	11	20,844
지윤	12	19,881
은서	13	19,845
수아	14	18,831
다은	15	18,731
예은	16	18,606
수빈	17	17,927
예원	18	16,733
지아	19	16,683
소율	20	16,634
지원	21	16,424
예린	22	16,128
소윤	23	15,570
유진	24	14,462
시은	25	14,293
채은	26	13,615
가은	27	13,560
서영	28	13,492
지안	29	13,419
민지	30	13,375
하린	31	13,268
윤아	32	13,141
예진	33	13,005
수민	34	12,778
유나	35	12,690
수연	36	12,435
연우	37	11,969
예서	38	11,308
시연	39	11,261
예나	40	11,182
주아	41	11,043
연서	42	10,835
서아	43	10,507
현서	44	10,384
다연	45	10,289
다인	46	10,060
하율	47	10,042
아인	48	9,859
서은	49	9,796
서진	50	9,743
유빈	51	9,687
수현	52	9,556
하연	53	9,502
채윤	54	9,396
서율	55	9,234
예지	56	9,229
유주	57	9,200
지율	58	9,178
시아	59	9,084
서우	60	9,018
나윤	61	8,888
다현	62	8,815
민주	63	8,698
지은	64	8,529
아린	65	8,520
윤지	66	8,403
나연	67	8,362
시현	68	8,295
예빈	69	8,275
소연	70	8,240
지현	71	8,235
소은	72	8,226
사랑	73	8,089
혜원	74	7,878
지수	75	7,716
은채	76	7,637
주하	77	7,509
서하	78	7,474
승아	79	7,263
나은	80	7,149
서희	81	6,962
나현	82	6,928
아윤	83	6,885
민아	84	6,876
세은	85	6,785
소민	86	6,778
채린	87	6,759
하영	88	6,739
도연	89	6,692
다윤	90	6,686
채아	91	6,647
아영	92	6,644
규리	93	6,639
지연	94	6,442
예림	95	6,386
가윤	96	6,260
세아	97	6,234
태희	98	6,181
민채	99	6,137
유정	100	6,118
주은	101	6,048
민정	102	5,991
보민	103	5,981
시윤	104	5,933
소현	105	5,920
현지	106	5,881
연아	107	5,834
민경	108	5,796
수진	109	5,773
다온	110	5,703
아현	111	5,692
정원	112	5,630
가현	113	5,601
나경	114	5,544
은지	115	5,497
가연	116	5,473
지효	117	5,357
윤하	118	5,291
세연	119	5,263
가온	120	5,136
채연	121	5,026
예슬	122	4,997
한별	122	4,997
현아	124	4,947
라희	125	4,829
소희	126	4,802
효주	126	4,802
유림	128	4,754
하늘	129	4,668
채민	130	4,643
가영	131	4,569
은솔	132	4,543
주연	133	4,538
예주	134	4,420
혜린	135	4,384
유리	136	4,333
다혜	137	4,236
봄	137	4,236
태연	139	4,199
혜인	140	4,194
하진	141	4,186
지혜	142	4,176
다희	143	4,175
승연	144	4,170
재인	145	4,143
하람	146	4,132
유민	147	4,128
수인	148	4,126
지영	149	4,094
하랑	150	4,079
수정	151	4,063
은우	151	4,063
유하	153	4,059
윤슬	154	4,013
소이	155	4,008
채영	156	3,947
다빈	157	3,935
다솜	158	3,927
주원	159	3,925
하나	160	3,901
지후	161	3,867
은유	162	3,826
설아	163	3,787
태은	164	3,750
고은	165	3,743
시온	166	3,739
나영	167	3,716
소영	168	3,702
수지	169	3,641
아라	170	3,610
민하	171	3,569
태린	172	3,538
보경	173	3,532
정민	174	3,500
은별	175	3,495
주희	176	3,486
다영	177	3,474
서인	178	3,454
채현	179	3,452
효린	180	3,362
시우	181	3,293
재이	182	3,280
소정	183	3,278
단아	183	3,278
가빈	185	3,269
정윤	186	3,267
예솔	187	3,257
세빈	188	3,221
은재	189	3,183
리아	190	3,180
한나	191	3,130
연주	192	3,127
연재	193	3,118
아연	194	3,082
예담	195	3,081
서정	196	3,074
서빈	197	3,068
예인	198	3,012
은빈	199	2,997
보미	200	2,992
정연	201	2,991
하음	202	2,987
효은	202	2,987
해인	204	2,979
지호	205	2,972
슬아	206	2,963
도희	207	2,937
다원	208	2,929
준희	209	2,913
연지	210	2,905
아진	211	2,892
지온	212	2,890
지인	213	2,887
재희	214	2,880
서원	215	2,872
은비	216	2,855
세인	217	2,841
라온	218	2,816
희원	219	2,811
채희	220	2,808
별	221	2,802
혜민	222	2,765
가인	223	2,763
윤주	224	2,754
채이	225	2,728
다율	226	2,703
채빈	227	2,699
도은	228	2,684
다경	229	2,659
나율	230	2,643
미소	231	2,619
율	232	2,617
혜진	233	2,609
리원	234	2,607
유은	235	2,569
은수	236	2,564
은혜	237	2,547
소미	238	2,544
연수	239	2,536
효원	240	2,533
은율	241	2,532
현진	242	2,520
재은	243	2,502
민영	244	2,489
솔	245	2,450
세린	246	2,449
혜빈	247	2,444
아름	248	2,438
정현	249	2,424
하민	250	2,411
단비	251	2,405
정은	252	2,395
선우	253	2,377
유라	254	2,359
세영	255	2,353
혜윤	256	2,352
여진	257	2,327
온유	258	2,280
윤진	259	2,266
현정	260	2,255
은성	261	2,247
민솔	262	2,244
유경	263	2,231
제인	264	2,229
설	265	2,218
주현	266	2,212
윤	267	2,209
유이	268	2,198
이안	269	2,196
세희	270	2,192
여원	270	2,192
가람	272	2,172
라윤	273	2,161
현주	274	2,158
연희	275	2,146
리안	276	2,144
진서	277	2,142
효민	278	2,137
혜림	279	2,120
채율	280	2,115
은설	281	2,114
윤채	281	2,114
서린	283	2,102
소원	284	2,085
가을	285	2,073
루아	286	2,072
도경	287	2,045
이현	288	2,022
주영	289	2,006
하온	290	2,002
가희	291	1,997
라엘	292	1,995
나린	293	1,986
진아	294	1,983
다정	295	1,969
하엘	296	1,929
효빈	297	1,921
수영	298	1,920
규빈	299	1,914
지예	300	1,901
지희	301	1,899
희주	302	1,882
혜리	303	1,881
라임	304	1,873
시원	305	1,842
하빈	306	1,838
은진	307	1,813
승희	308	1,808
제이	309	1,792
려원	310	1,777
아림	311	1,776
해나	312	1,762
다예	313	1,755
효정	314	1,750
로아	315	1,723
윤희	316	1,722
혜주	317	1,709
시영	317	1,709
성은	319	1,683
하정	320	1,680
효진	321	1,678
승현	322	1,677
희진	323	1,670
윤정	324	1,666
시율	325	1,661
정인	326	1,657
선아	327	1,655
리나	328	1,653
소담	329	1,650
다민	330	1,637
영은	331	1,635
하경	332	1,629
은아	333	1,628
가율	334	1,624
나희	335	1,606
규린	336	1,592
송현	337	1,577
해솔	338	1,569
영서	339	1,561
은영	340	1,550
보영	341	1,536
인서	342	1,523
해린	343	1,517
선유	344	1,516
윤솔	345	1,510
지오	346	1,509
민선	347	1,503
규림	348	1,478
민희	349	1,460
승주	350	1,450
도윤	351	1,440
세현	352	1,439
재아	353	1,429
새봄	354	1,418
아정	355	1,405
이솔	356	1,396
효림	357	1,394
선영	358	1,387
서이	359	1,386
아란	360	1,371
가원	361	1,352
소유	362	1,340
수린	363	1,333
혜나	364	1,321
유안	365	1,311
우리	366	1,308
하리	367	1,301
희수	368	1,291
도영	369	1,289
은하	370	1,285
아율	371	1,270
희연	372	1,269
하늬	373	1,260
정아	374	1,259
별하	375	1,257
한비	376	1,252
하임	377	1,251
담희	378	1,248
은정	379	1,243
이나	380	1,242
태이	380	1,242
송연	382	1,239
다솔	383	1,235
예리	384	1,233
서경	385	1,223
혜연	386	1,218
선율	387	1,214
예람	388	1,206
희서	389	1,193
해원	389	1,193
하원	391	1,177
은주	392	1,166
시하	393	1,163
윤영	394	1,160
지나	395	1,157
예온	396	1,156
예랑	397	1,153
유미	398	1,131
다해	398	1,131
유현	398	1,131
은	401	1,124
경민	402	1,123
여은	403	1,120
라은	404	1,118
빛나	405	1,117
이수	406	1,115
루리	407	1,109
태리	408	1,104
린	408	1,104
세령	410	1,103
세진	411	1,099
아람	411	1,099
예영	413	1,091
예령	414	1,085
혜정	415	1,082
하라	416	1,060
예윤	417	1,052
수경	418	1,045
진	419	1,041
진희	420	1,039
민진	421	1,029
태경	422	1,023
리하	423	1,019
시안	424	1,017
진주	425	1,011
수하	426	997
보현	427	994
초아	428	991
수안	429	990
누리	430	989
승은	431	985
성연	432	984
인영	433	983
우주	434	976
라율	435	970
나예	436	968
정빈	437	966
경은	438	964
하루	439	961
예현	440	955
민	441	952
연진	442	947
나원	443	939
태인	444	938
희정	444	938
하선	446	935
나래	447	927
아리	448	921
규원	449	912
윤설	450	900
한솔	451	893
인아	452	892
도아	453	887
이레	454	884
해윤	455	875
가민	456	874
규민	457	856
희윤	458	845
다미	459	840
지선	460	836
혜은	461	834
재연	462	820
여울	463	818
세윤	464	815
아민	465	812
율아	466	808
혜영	467	806
채령	468	793
소예	469	789
재윤	470	787
로하	471	781
세하	472	779
세나	473	776
세라	474	771
시유	475	768
주혜	476	765
연후	477	762
유담	478	758
슬	478	758
보윤	480	757
혜령	480	757
이진	482	755
미나	482	755
나라	482	755
진영	485	754
다겸	486	747
민설	487	745
안나	488	742
태림	489	741
현	490	740
채하	491	733
서유	492	728
유희	493	724
윤경	494	723
서안	494	723
에스더	494	723
슬기	497	722
린아	498	721
도이	499	719
해리	500	718
보람	501	716
세림	502	714
초은	503	712
미주	503	712
은송	505	710
성아	505	710
시언	505	710
지애	508	709
채림	508	709
여름	510	706
기쁨	511	697
승하	512	688
현경	513	687
송이	513	687
보라	515	684
영주	516	683
도현	516	683
하이	518	676
민재	519	674
보빈	520	666
효인	520	666
설희	520	666
다나	523	663
세민	524	656
루다	525	651
주빈	526	648
로운	527	644
예승	528	643
예봄	529	642
사라	530	641
은결	531	634
리우	531	634
예음	531	634
은경	534	630
혜지	534	630
나혜	536	621
한결	537	618
민유	537	618
소망	539	616
연두	540	615
태영	541	614
선민	542	609
로희	543	608
설하	544	606
루나	544	606
소진	546	605
연정	547	604
보연	548	601
은희	549	600
서후	550	599
예하	551	596
규연	552	595
하림	553	592
샛별	554	584
희선	555	583
은교	556	581
은호	557	574
보은	558	570
송희	559	569
재원	560	568
이서	561	566
유솔	561	566
영채	563	565
이은	564	563
나림	564	563
가령	566	560
승민	566	560
지언	568	558
세정	569	557
호연	570	555
율하	571	554
예안	572	551
희은	573	550
현희	574	547
민교	575	545
세이	576	544
라현	577	542
아랑	578	540
재영	579	539
고운	580	537
주이	581	535
지빈	582	534
라원	583	529
효리	584	528
재경	585	527
예율	585	527
강희	587	526
주윤	588	523
율희	589	521
시호	589	521
수희	591	520
하현	591	520
선주	591	520
율리	594	509
선하	595	507
희영	595	507
민혜	595	507
주미	598	506
연경	599	504
세경	600	503
윤선	600	503
혜선	602	501
근영	602	501
성현	602	501
은선	605	500
세원	605	500
미진	607	499
희재	608	498
경빈	608	498
로은	610	497
유선	610	497
민송	612	496
승혜	613	494
소빈	614	493
우림	615	492
예성	616	490
예설	617	487
현영	617	487
인혜	617	487
채경	620	486
수미	621	484
제나	622	483
미래	623	479
서온	624	478
경원	625	476
호정	626	475
세미	627	470
하령	628	468
한서	629	466
도원	630	464
태윤	630	464
해온	632	463
제니	633	459
성희	633	459
윤빈	635	458
도담	635	458
다애	637	457
제아	638	455
희	639	453
혜율	639	453
미정	641	452
선미	641	452
준서	643	451
선혜	644	447
혜수	644	447
해민	646	444
주안	646	444
보배	648	442
려은	648	442
혜미	650	439
아은	651	438
보아	652	437
채안	653	436
민소	654	435
윤우	655	434
정희	656	433
나리	657	430
다엘	658	428
예희	659	425
선희	660	424
소울	661	422
서주	661	422
애린	663	421
수윤	664	420
초원	664	420
슬비	664	420
루하	667	419
지이	668	417
나엘	669	416
이정	670	415
윤이	670	415
정음	670	415
연화	673	414
가림	674	412
시후	674	412
예소	676	410
이랑	676	410
연	678	408
진솔	679	406
효연	680	405
소을	681	404
선	682	403
솔희	683	400
서령	683	400
유린	683	400
새론	686	398
어진	686	398
솔비	688	397
조이	688	397
정하	690	396
샤론	690	396
혜승	692	394
효경	693	393
유연	693	393
신비	695	391
영인	696	388
새별	697	387
정서	698	386
건희	698	386
금비	698	386
금비	698	386
채리	702	384
규나	703	383
연하	704	381
신영	704	381
이슬	706	380
규은	707	379
은후	707	379
레아	709	378
한슬	709	378
서형	709	378
혜성	712	377
윤비	712	377
루미	714	375
선빈	714	375
루비	714	375
유지	717	374
담이	718	373
찬희	719	371
효서	720	369
리온	720	369
미경	722	368
원희	722	368
단희	724	366
초희	724	366
나겸	726	365
이엘	727	364
소리	727	364
진하	729	363
수림	730	362
은세	730	362
승미	732	357
혜경	733	356
혜서	734	355
선경	734	355
우정	736	353
해진	737	352
현채	737	352
지서	739	351
로이	739	351
경서	739	351
설현	742	350
솔민	743	349
솔빈	743	349
보나	743	349
환희	746	348
리예	746	348
리윤	746	348
조은	749	347
다운	750	346
정안	750	346
유아	752	345
해빈	752	345
예준	754	344
효재	754	344
선화	756	343
은효	756	343
해림	758	342
지음	758	342
의진	760	341
예솜	760	341
주리	762	339
진경	763	338
아빈	763	338
윤성	765	337
영현	766	336
루희	766	336
희경	768	335
이담	769	334
리현	769	334
은미	769	334
원	769	334
우진	773	333
여정	773	333
이지	775	332
상은	776	331
유영	777	329
가경	778	328
채인	778	328
화영	778	328
도하	781	327
다흰	781	327
채유	781	327
신혜	784	326
지운	785	325
빈	786	324
승유	786	324
상아	788	323
한빛	789	322
민성	790	321
은민	790	321
예선	792	320
채언	793	319
희우	793	319
연제	795	318
이든	796	317
성주	797	316
승빈	797	316
소라	797	316
수예	800	314
해주	800	314
봄이	802	313
태현	802	313
승원	802	313
서림	805	312
하솜	805	312
푸름	807	311
은총	808	308
현수	808	308
단	810	307
경아	811	306
주언	812	303
현선	813	301
솔지	813	301
윤재	813	301
예송	813	301
찬미	817	299
초연	817	299
라연	817	299
미연	820	297
규희	821	294
나나	821	294
소린	821	294
이설	824	293
주예	825	292
다슬	825	292
현민	827	290
한울	828	288
혜준	829	287
승리	829	287
유원	831	286
성윤	831	286
단하	833	285
세리	833	285
미영	835	284
소혜	836	283
나온	836	283
은조	836	283
현비	839	282
수은	840	281
동희	841	280
솔아	841	280
송하	841	280
연호	844	278
승윤	844	278
미서	844	278
영지	847	277
제희	847	277
민슬	849	276
규비	849	276
영아	851	275
윤혜	852	274
수애	852	274
단우	852	274
경희	855	273
그린	855	273
애리	857	271
채우	858	270
미선	859	269
진이	860	268
해연	860	268
규아	862	267
리사	863	266
래아	863	266
우빈	865	265
지솔	865	265
예경	865	265
준영	865	265
유비	869	264
자윤	869	264
규미	869	264
진유	869	264
하얀	873	263
아원	873	263
은제	873	263
한율	873	263
현이	873	263
수	878	262
미현	878	262
인하	880	261
소명	881	260
하니	881	260
승지	881	260
인경	884	259
유화	884	259
결	884	259
정화	887	258
비	888	257
명주	889	256
인애	889	256
새롬	891	255
래은	892	254
설리	892	254
마리	892	254
해슬	895	253
다올	895	253
원영	895	253
성경	898	252
미우	899	251
비주	900	250
담	900	250
세율	900	250
하담	900	250
벼리	904	248
초이	904	248
희지	906	247
경진	906	247
자은	906	247
조안	906	247
율이	910	246
하솔	910	246
명지	910	246
이주	913	245
해율	914	244
엘리	914	244
은찬	916	243
경미	917	242
이린	918	240
해은	918	240
루빈	918	240
솜	918	240
담비	922	238
예닮	923	237
여경	924	236
솔이	924	236
소운	924	236
미지	927	235
유니	927	235
혜온	929	234
효선	930	232
명진	930	232
바다	932	231
보겸	933	230
희나	933	230
해담	935	229
가린	936	228
레나	936	228
자인	938	227
명서	938	227
준아	940	226
준이	940	226
서혜	940	226
다유	943	225
예정	944	224
상희	944	224
지향	946	223
지해	947	222
하유	948	221
솔미	948	221
유란	950	218
송아	950	218
한희	950	218
유	950	218
윤미	950	218
채정	955	217
이룸	955	217
우경	955	217
서휘	955	217
영선	959	215
보리	959	215
자영	961	214
성민	961	214
여빈	961	214
혜담	964	213
아이린	964	213
우영	966	211
린하	966	211
도혜	968	210
한아	969	209
아미	969	209
다진	971	208
수련	972	207
도예	972	207
승효	972	207
송은	972	207
재린	976	206
효영	976	206
리유	976	206
혜솔	979	205
효담	979	205
수화	981	204
자연	981	204
해랑	983	202
새나	984	201
효우	985	200
정미	985	200
은빛	985	200
세화	988	199
예본	988	199
나령	988	199
설화	988	199
설린	992	198
교은	992	198
나정	992	198
성빈	995	197
초윤	996	196
재나	997	195
노을	997	195
부경	999	194
소하	1000	193
정	1001	192
문정	1001	192
예연	1003	190
우희	1003	190
나빈	1003	190
미유	1006	189
승비	1007	188
영미	1008	187
여민	1008	187
가예	1008	187
가언	1008	187
혜슬	1012	186
지형	1013	185
성원	1014	184
호은	1014	184
믿음	1016	183
화연	1017	182
한이	1018	181
연이	1018	181
신우	1018	181
현승	1018	181
성하	1018	181
하란	1023	180
이음	1023	180
현하	1025	179
비아	1025	179
은샘	1025	179
윤화	1025	179
시진	1029	178
올리비아	1029	178
하울	1029	178
이재	1032	177
미희	1032	177
주엘	1034	176
주경	1034	176
미성	1036	175
상미	1036	175
민결	1036	175
안	1039	174
가흔	1040	173
설빈	1040	173
윤나	1040	173
미송	1040	173
리엘	1040	173
란	1040	173
하을	1046	172
해영	1046	172
애나	1046	172
보림	1046	172
재민	1046	172
이연	1051	171
예아	1051	171
다을	1053	170
영경	1053	170
요원	1053	170
경림	1056	169
미솔	1056	169
지완	1056	169
아령	1056	169
시엘	1056	169
초현	1056	169
성미	1056	169
미르	1063	168
하언	1063	168
윤민	1063	168
보름	1063	168
리혜	1067	167
동은	1067	167
근아	1069	166
라영	1069	166
문주	1071	165
다교	1071	165
별이	1071	165
기연	1071	165
리은	1071	165
주비	1076	164
혜란	1076	164
제은	1076	164
선정	1076	164
라경	1076	164
로라	1076	164
정혜	1082	163
지니	1082	163
강은	1082	163
우연	1082	163
진선	1086	162
랑	1086	162
리연	1086	162
예다	1086	162
채운	1086	162
혜교	1091	161
다비	1091	161
문경	1093	160
우린	1093	160
경현	1093	160
유슬	1093	160
도유	1093	160
효윤	1093	160
원정	1099	159
소피아	1099	159